0 0 
0.155298 1.68441 
0.0600143 4.66119 
0.113897 7.33391 
0.146442 8.50799 
0.178751 10.8295 
0.164697 12.8353 
0.198428 13.5372 
0.225952 15.4663 
0.238295 17.4315 
0.210108 18.4269 
0.256919 20.0484 
0.276263 21.6495 
0.274352 22.4429 
0.276933 23.5399 
0.247909 26.1891 
0.266493 27.7206 
0.253905 29.2268 
0.253911 29.6898 
0.30408 30.8928 
0.398486 35.1375 
0.413585 37.337 
0.365986 39.0584 
0.336122 40.0557 
0.39512 42.475 
0.713119 43.8161 
0.862493 44.2206 
1.03227 45.5923 
1.16969 46.1734 
1.78922 48.8824 
1.88818 49.1869 
2.26218 50.0322 
2.62837 50.63 
4.36423 54.545 
5.8049 56.5582 
7.82388 58.5014 
8.43695 59.0448 
9.46787 59.7481 
10.2789 60.6637 
11.2388 61.3882 
12.3348 61.9152 
13.5774 62.5104 
14.4179 62.8606 
15.4055 63.3613 
16.0881 63.6666 
17.3856 64.0768 
18.9695 64.5338 
20.2471 64.6385 
21.0126 64.6209 
21.4644 64.6445 
22.5009 64.6151 
23.3986 64.5376 
26.597 64.6756 
29.9112 64.5007 
30.9905 64.2463 
31.2296 64.2113 
32.0352 64.0236 
32.8 63.7625 
33.2807 63.5761 
34.4751 63.0629 
36.8663 61.9383 
37.2237 61.607 
38.0886 61.0269 
38.9697 60.5334 
40.5484 59.5251 
41.6001 58.6622 
42.8608 57.5451 
43.5852 56.9686 
44.059 56.5878 
44.899 55.5195 
45.6416 54.5327 
46.4179 53.5265 
48.9071 50.6189 
49.3067 50.1019 
52.3503 46.3649 
55.4885 42.3648 
56.3438 41.3887 
56.4836 41.1966 
57.3605 40.3693 
57.9938 39.8354 
59.0909 39.2482 
60.1513 38.4449 
60.8844 38.0661 
62.0847 37.4116 
62.379 37.2349 
64.886 36.2979 
67.2758 35.4958 
68.5112 35.4424 
70.2473 35.498 
71.6678 35.3938 
73.2408 35.3059 
73.8681 35.3154 
75.4333 35.3639 
76.3642 35.3531 
77.1492 35.3829 
78.1533 35.3829 
79.1311 35.4777 
79.3736 35.5583 
81.7184 36.1912 
83.6018 36.7857 
85.8797 38.0617 
86.6921 38.4851 
87.6115 39.0196 
88.234 39.4419 
88.7694 39.7428 
89.4469 40.1731 
89.9614 40.4939 
90.6987 41.3357 
91.5199 42.3787 
92.4319 43.4143 
92.8445 43.7234 
93.556 44.5054 
94.2181 45.3929 
94.8288 46.2799 
95.5101 47.1281 
95.686 47.4538 
96.3189 48.496 
96.8136 49.6436 
97.1384 50.4163 
97.4054 50.9315 
97.5715 51.481 
98.0422 53.4035 
98.5118 55.1483 
98.5281 56.1265 
98.5262 57.591 
98.5943 59.3797 
98.5726 61.856 
98.6381 64.4732 
98.5983 67.069 
98.5404 69.0662 
98.6282 71.0942 
98.6556 73.1063 
98.6336 75.0001 
98.6844 76.0287 
98.7327 78.0221 
98.7311 80.7115 
98.739 82.0558 
98.7605 83.3289 
98.7407 84.1007 
98.7521 85.4846 
98.8623 87.9703 
98.9087 89.7561 
98.8971 90.7309 
98.92 92.0355 
98.9214 92.9564 
98.9781 94.0338 
98.9893 94.8314 
98.9909 95.6941 
98.954 96.8912 
98.9185 97.7692 
99 99 

