0 0 
2.74043 4.5265 
5.63352 8.87607 
6.83392 10.5905 
8.00475 12.3982 
9.72624 14.8019 
11.0137 16.7284 
11.8418 17.9907 
12.523 19.1736 
13.0373 19.9627 
13.7296 20.9931 
14.0476 21.5277 
14.875 22.8352 
15.6338 24.2721 
16.1206 25.0452 
17.6951 27.7338 
18.9946 29.7477 
19.5978 30.7008 
19.7545 30.9634 
20.2473 31.7354 
20.7069 32.4742 
21.202 33.1759 
21.4095 33.4519 
22.697 35.8635 
24.33 38.4584 
25.0725 39.5018 
26.1389 39.9071 
27.113 40.3312 
27.4986 40.4809 
28.8576 40.919 
29.9902 41.3205 
31.3998 41.7614 
32.6904 42.2494 
33.7821 42.7176 
34.8456 43.2021 
36.0075 43.7022 
36.5695 43.9591 
37.3546 44.3201 
38.3157 44.7511 
40.8231 45.7385 
42.3509 46.3094 
43.2956 46.6951 
44.1761 47.1255 
44.3956 47.2014 
44.9537 47.4239 
46.3017 48.029 
47.2597 48.4373 
49.0626 49.1063 
50.0444 49.4864 
51.1839 49.9501 
52.4067 50.4711 
53.3166 50.8797 
54.113 51.252 
54.7437 51.4977 
55.3664 51.7788 
56.1011 52.1494 
56.9254 52.4853 
58.4665 53.1759 
59.406 53.5935 
60.4204 54.0588 
62.4264 54.9265 
67.2004 57.1575 
71.5083 58.6626 
71.9129 58.7762 
72.8003 59.098 
73.6681 59.3331 
74.5942 60.3103 
75.1326 61.0721 
75.2922 61.4062 
75.7121 62.0529 
75.886 62.3256 
76.4145 63.207 
77.16 64.3372 
78.3036 66.2067 
78.9517 67.3386 
78.968 67.3606 
79.2973 67.939 
79.8546 68.9491 
80.3171 69.8092 
81.1324 70.921 
81.9707 72.1476 
82.5555 73.0103 
83.6015 74.5533 
84.1832 75.5332 
84.7429 76.4872 
85.0576 77.0343 
85.4318 77.6209 
86.0651 78.6855 
86.6326 79.4491 
87.4003 80.7233 
87.9593 81.588 
88.3976 82.243 
89.4546 83.9559 
89.8847 84.7181 
90.3882 85.5501 
91.3415 86.9704 
92.1111 88.1582 
92.5656 88.9263 
92.8882 89.444 
93.5336 90.5885 
94.1272 91.6222 
94.6588 92.4669 
94.9871 92.9252 
95.4536 93.5919 
95.949 94.259 
96.2606 94.8194 
96.7757 95.6717 
96.9773 96.0268 
97.2723 96.5499 
98.5215 98.2724 
99 99 

