0 0 
0.160921 3.42314 
0.223791 5.99606 
0.209019 8.6973 
0.192219 10.1126 
0.199385 11.9481 
0.259687 13.9499 
0.284862 14.5597 
0.232828 17.8196 
0.250249 19.707 
0.290191 21.3345 
0.346558 22.4978 
0.345812 23.2468 
0.314752 24.3937 
0.292816 26.1568 
0.232843 28.1231 
0.195764 29.2672 
0.194686 30.6422 
0.251716 33.5474 
0.300205 35.7082 
0.321619 36.74 
0.296025 38.2277 
0.272966 41.1738 
0.350436 44.2229 
0.375492 46.6753 
0.355814 47.2142 
0.30742 48.5202 
0.217774 49.5157 
0.206153 50.7469 
0.247128 51.5363 
0.236593 52.4181 
0.183144 53.5981 
0.262349 54.6791 
0.273789 56.462 
0.271431 57.7184 
0.33764 59.2994 
0.312381 59.7133 
0.277761 60.8281 
0.644319 62.2535 
1.15086 63.5084 
1.42704 64.7893 
1.71485 65.6638 
2.01797 66.5234 
2.29507 67.5428 
3.41857 69.7331 
4.09036 71.3166 
4.79662 72.5975 
5.48963 73.8878 
6.1001 74.7386 
7.18146 76.4472 
7.23469 76.5146 
7.48974 76.9468 
8.25985 78.0453 
8.97123 78.9914 
9.37103 79.6284 
9.70405 79.9574 
10.3282 80.6765 
10.5177 80.9392 
11.3852 81.8997 
12.3481 82.8391 
13.3012 83.6446 
14.306 84.5249 
15.3723 85.5437 
16.1823 86.325 
16.5214 86.6355 
16.8809 86.9285 
17.9898 87.663 
18.5886 88.1175 
19.4601 88.678 
19.7524 88.9139 
20.519 89.5273 
20.7124 89.6576 
21.621 90.1473 
23.3149 91.055 
24.2415 91.5426 
25.1322 92.0803 
25.9533 92.5581 
26.8304 92.9672 
27.1898 93.1692 
28.7912 93.9404 
29.3999 94.1884 
34.47 96.0757 
35.887 96.5893 
36.2785 96.6958 
37.1474 96.8977 
38.2594 97.1438 
38.7708 97.2538 
39.9025 97.5846 
42.2065 98.0575 
43.4448 98.3305 
44.6601 98.4464 
45.2154 98.5073 
46.6275 98.5418 
47.3674 98.5903 
48.4032 98.6256 
49.5398 98.6526 
50.6105 98.6793 
51.7378 98.6851 
52.816 98.6728 
54.4337 98.6075 
56.7312 98.6604 
56.8449 98.6445 
58.5856 98.7183 
59.7393 98.7152 
61.0686 98.7645 
62.239 98.7553 
63.6246 98.8013 
64.7536 98.6742 
66.4544 98.7086 
67.5428 98.657 
68.8412 98.8047 
69.7478 98.8567 
71.6103 98.8501 
72.9464 98.8395 
73.9075 98.8327 
75.6038 98.9482 
76.262 98.958 
78.8765 98.9235 
80.6221 98.8128 
81.4323 98.836 
83.6151 98.7607 
85.9351 98.8506 
87.4398 98.9199 
88.5098 98.8555 
88.6339 98.847 
89.9773 98.7888 
91.7621 98.7109 
93.0729 98.7132 
94.7323 98.782 
96.4186 98.8893 
98.5159 98.9815 
99 99 

